5-sector (4 gaps):
  groups: 5
  sizes: [55, 34, 55, 34, 55]
  sorted: [34, 34, 55, 55, 55]
  sum: 233

σ₃ 10-sub-band (L1):
  groups: 10
  sizes: [7, 6, 8, 5, 3, 4, 1, 8, 5, 8]
  sorted: [1, 3, 4, 5, 5, 6, 7, 8, 8, 8]
  sum: 55

σ₃ two-level (L2):
  groups: 17
  sizes: [np.int64(5), np.int64(2), np.int64(1), np.int64(5), np.int64(3), np.int64(5), np.int64(2), np.int64(3), 3, np.int64(2), np.int64(2), 1, np.int64(5), np.int64(3), 5, np.int64(3), np.int64(5)]
  sorted: [np.int64(1), 1, np.int64(2), np.int64(2), np.int64(2), np.int64(2), np.int64(3), np.int64(3), 3, np.int64(3), np.int64(3), np.int64(5), np.int64(5), np.int64(5), np.int64(5), 5, np.int64(5)]
  sum: 55

Full 233, 19-group:
  groups: 19
  sizes: [21, 13, 20, 1, 13, 8, 13, 21, 12, 1, 21, 13, 8, 13, 1, 20, 1, 13, 20]
  sorted: [1, 1, 1, 1, 8, 8, 12, 13, 13, 13, 13, 13, 13, 20, 20, 20, 21, 21, 21]
  sum: 233

Full 233, 34-group:
  groups: 34
  sizes: [12, 9, 13, 8, 5, 7, 1, 8, 5, 8, 13, 7, 6, 8, 5, 3, 4, 1, 8, 5, 8, 8, 5, 8, 5, 8, 1, 8, 4, 8, 1, 13, 8, 12]
  sorted: [1, 1, 1, 1, 3, 4, 4, 5, 5, 5, 5, 5, 5, 6, 7, 7, 8, 8, 8, 8, 8, 8, 8, 8, 8, 8, 8, 8, 9, 12, 12, 13, 13, 13]
  sum: 233

Full 233, natural:
  groups: 48
  sizes: [8, 4, 1, 8, 5, 8, 8, 5, 7, 1, 1, 4, 3, 5, 8, 5, 8, 5, 2, 1, 5, 3, 5, 5, 3, 4, 1, 8, 5, 8, 8, 5, 7, 1, 5, 3, 5, 1, 8, 4, 8, 1, 5, 2, 6, 8, 5, 7]
  sorted: [1, 1, 1, 1, 1, 1, 1, 1, 2, 2, 3, 3, 3, 3, 4, 4, 4, 4, 5, 5, 5, 5, 5, 5, 5, 5, 5, 5, 5, 5, 5, 5, 6, 7, 7, 7, 8, 8, 8, 8, 8, 8, 8, 8, 8, 8, 8, 8]
  sum: 233

Madelung reference:
  groups: 19
  sizes: [2, 2, 6, 2, 6, 2, 10, 6, 2, 10, 6, 2, 14, 10, 6, 2, 14, 10, 6]
  sorted: [2, 2, 2, 2, 2, 2, 2, 6, 6, 6, 6, 6, 6, 10, 10, 10, 10, 14, 14]
  sum: 118

